0
0.0
0.09023437499999999
0.193359375
0.348046875
0.399609375
0.554296875
0.605859375
0.708984375
0.8121093749999999
0.9152343749999999
0.992578125
1.069921875
1.147265625
1.224609375
1.3019531249999998
1.3664062499999998
1.4308593749999998
1.482421875
1.533984375
1.611328125
1.6371093749999999
1.72734375
1.77890625
1.8304687499999999
1.8820312499999998
1.920703125
1.972265625
2.023828125
2.0496093749999997
2.101171875
2.13984375
2.1785156249999997
2.204296875
2.2429687499999997
2.281640625
2.3074218749999997
2.34609375
2.358984375
2.410546875
2.4363281249999997
2.462109375
2.487890625
2.513671875
2.5394531249999996
2.5652343749999997
2.591015625
2.6039062499999996
2.6296874999999997
2.642578125
2.6683593749999996
2.6941406249999997
2.70703125
2.719921875
2.745703125
2.7585937499999997
2.771484375
2.784375
2.7972656249999996
2.81015625
2.8230468749999997
2.8359375
2.848828125
2.8617187499999996
2.874609375
2.874609375
2.900390625
2.91328125
2.91328125
2.9261718749999996
2.9390625
2.9519531249999997
2.9519531249999997
2.96484375
2.96484375
2.977734375
2.977734375
2.9906249999999996
3.003515625
3.003515625
3.0164062499999997
3.0164062499999997
3.029296875
3.029296875
3.029296875
3.0421875
3.0421875
3.0550781249999996
3.0550781249999996
3.0550781249999996
3.06796875
3.06796875
3.06796875
3.0808593749999997
3.0808593749999997
3.0808593749999997
3.0808593749999997
3.09375
3.09375
3.09375
3.106640625
3.106640625
3.106640625
3.106640625
3.106640625
3.1195312499999996
3.1195312499999996
3.1195312499999996
3.1195312499999996
3.1195312499999996
3.1195312499999996
3.132421875
3.132421875
3.132421875
3.132421875
3.132421875
3.132421875
3.1453124999999997
3.1453124999999997
3.1453124999999997
3.1453124999999997
3.1453124999999997
3.1453124999999997
3.1453124999999997
3.1453124999999997
3.1453124999999997
3.1453124999999997
3.1453124999999997
3.158203125
3.158203125
3.158203125
3.158203125
3.158203125
3.158203125
3.158203125
3.158203125
3.158203125
3.158203125
3.158203125
3.158203125
3.158203125
3.158203125
3.17109375
3.09375
2.9906249999999996
2.91328125
2.8359375
2.784375
2.68125
2.6296874999999997
2.55234375
2.4749999999999996
2.4234375
2.3718749999999997
2.29453125
2.26875
2.19140625
2.13984375
2.08828125
2.0625
1.98515625
1.9593749999999999
1.9078125
1.85625
1.8175781249999998
1.77890625
1.7531249999999998
1.7015624999999999
1.67578125
1.65
1.611328125
1.5726562499999999
1.546875
1.52109375
1.4953124999999998
1.46953125
1.4437499999999999
1.41796875
1.3921875
1.3664062499999998
1.340625
1.327734375
1.3019531249999998
1.2890625
1.26328125
1.2503906249999999
1.2374999999999998
1.21171875
1.198828125
1.1859374999999999
1.16015625
1.147265625
1.134375
1.1214843749999999
1.10859375
1.095703125
1.0828125
1.069921875
1.0570312499999999
1.044140625
1.03125
1.03125
1.018359375
1.00546875
0.992578125
0.992578125
0.9796874999999999
0.966796875
0.966796875
0.95390625
0.9410156249999999
0.9410156249999999
0.928125
0.928125
0.9152343749999999
0.9152343749999999
0.90234375
0.90234375
0.90234375
0.889453125
0.889453125
0.8765624999999999
0.8765624999999999
0.8765624999999999
0.863671875
0.863671875
0.863671875
0.8507812499999999
0.8507812499999999
0.8507812499999999
0.8507812499999999
0.837890625
0.837890625
0.837890625
0.825
0.825
0.825
0.825
0.825
0.825
0.8121093749999999
0.79921875
0.79921875
0.79921875
0.79921875
0.79921875
0.79921875
0.7863281249999999
0.7863281249999999
0.7863281249999999
0.7863281249999999
0.7863281249999999
0.7863281249999999
0.7863281249999999
0.7863281249999999
0.7734375
0.7734375
0.7734375
0.7734375
0.7734375
0.7734375
0.7734375
0.7734375
0.7734375
0.760546875
0.760546875
0.760546875
0.760546875
0.760546875
0.760546875
0.760546875
0.760546875
0.760546875
0.760546875
0.760546875
0.760546875
0.760546875
0.760546875
0.7476562499999999
0.7476562499999999
0.7476562499999999
0.7476562499999999
0.7476562499999999
0.7476562499999999
0.7476562499999999
0.7476562499999999
0.7476562499999999
0.7476562499999999
0.7476562499999999
0.7476562499999999
0.7476562499999999
0.7476562499999999
0.7476562499999999
0.7476562499999999
0.7476562499999999
0.7476562499999999
0.7476562499999999
0.7476562499999999
0.7476562499999999
0.7476562499999999
0.7476562499999999
0.7476562499999999
0.7476562499999999
0.7476562499999999
0.7476562499999999
0.7476562499999999
0.7476562499999999
0.734765625